a=7
b=[1,2,3]
d=[7 7 2]
f= [1;2;3;4]
g=f(2)
E=[1 2 3; 2 1 3]

